#    x [m]        y [m]    z [m]   subsidence [m]
    730000.0    5920000.0      0.0    -6.5225e-02
    730000.0    5910000.0      0.0    -6.2021e-02
    730000.0    5900000.0      0.0    -7.4648e-02
    740000.0    5920000.0      0.0    -5.7484e-02
    740000.0    5910000.0      0.0    -1.3190e-01
    740000.0    5900000.0      0.0    -4.0653e-02
    750000.0    5920000.0      0.0    -3.5449e-02
    750000.0    5910000.0      0.0    -9.3234e-02
    750000.0    5900000.0      0.0    -4.3685e-02
